-7.311617639170111 10.607627349122458
-6.809858925805655 11.584430546507043
-6.669408024537892 12.275211485098133
-6.552387524726865 8.529812196045865
-7.581242125230527 9.718356479026511
-6.552387524726865 8.529812196045865
-6.575923683722555 10.888456396043523
-5.616325849172605 7.158802020529016
-6.3121374490885955 1.20800588643971
-5.654219805513781 13.921584218318731
-6.208186857410651 2.461764727306438
-7.275420592336653 11.848545712774703
-7.8285629550585725 9.174374771808228
-5.739527951508182 1.4562578985601675
-6.065786941762976 2.322521986362515
-6.065786941762976 2.322521986362515
-6.552387524726865 8.529812196045865
-5.77772150523923 1.7344188962394513
-7.275161920373005 12.046933635592564
-5.575231057041414 21.198531662108387
-9.181060272570537 16.890739269571675
-7.275420592336653 11.848545712774703
-7.581231722261295 9.71560306689194
-6.750337809089826 1.9695261400231527
-7.264300564477103 11.819703783422463
-6.065822246254378 2.312709547799804
-7.17806197066373 5.313772087345866
-6.669408024537892 12.275211485098133
-7.582685529624241 9.611367023653262
-5.77772150523923 1.7344188962394513
-6.708299582725701 10.892368878491549
-6.208186857410651 2.461764727306438
-7.312154587720351 10.578629870055874
-5.61257230679391 5.952576378396202
-6.759462841313673 3.4100272148187205
-6.820437900449951 5.624079556370894
-6.104542978605334 19.861126358921656
-6.814572818241848 12.155096752439814
-9.18169274847687 15.845315445037349
-6.645088375697055 7.523699174536191
-6.778061441826164 5.478972761044066
-5.428927399613153 17.194494324813377
-7.8223742726764725 3.3761683988343503
-6.274971036925857 5.872625936324936
-6.809858925805655 11.584430546507043
-5.616325849172605 7.158802020529016
-7.275420592336653 11.848545712774703
-6.351650389089679 11.787556735104392
-7.581231722261295 9.71560306689194
-7.275161920373005 12.046933635592564
-7.581231722261295 9.71560306689194
-7.581231722261295 9.71560306689194
-7.311617639170111 10.607627349122458
-9.18169274847687 15.845315445037349
-6.750337809089826 1.9695261400231527
-5.964659304573882 2.0230099948611677
-7.17806197066373 5.313772087345866
-7.17806197066373 5.313772087345866
-6.750337809089826 1.9695261400231527
-6.349690586643613 12.959266326044185
-7.312154587720351 10.578629870055874
-6.750502921641907 1.977170272532152
-7.246140966135603 13.410015916377445
-9.181060272570537 16.890739269571675
-5.654219805513781 13.921584218318731
-7.264300564477103 11.819703783422463
-6.312796556538971 1.2821965668332256
-6.750502921641907 1.977170272532152
-7.312154587720351 10.578629870055874
-6.6446802593563605 7.397968829807744
-6.054160956483172 11.543598964204289
-7.0189375819399435 -1.1707692626552104
-8.17411844856675 6.366536042179525
-8.17411844856675 6.366536042179525
-6.3121374490885955 1.20800588643971
-7.275420592336653 11.848545712774703
-6.552387524726865 8.529812196045865
-6.552387524726865 8.529812196045865
-6.312561215649472 1.427259969577836
-7.581231722261295 9.71560306689194
-6.312796556538971 1.2821965668332256
-7.311617639170111 10.607627349122458
-5.964659304573882 2.0230099948611677
-7.8286670206682585 9.178458178621629
-6.708299582725701 10.892368878491549
-7.275420592336653 11.848545712774703
-13.18285838600528 3.9200470365820963
-7.312154587720351 10.578629870055874
-5.61257230679391 5.952576378396202
-7.312154587720351 10.578629870055874
-6.104514510018285 19.872372574732616
-5.936743711512405 7.860527513208519
-6.073469729833255 11.15012257528216
-8.17411844856675 6.366536042179525
-6.104542978605334 19.861126358921656
-7.0189375819399435 -1.1707692626552104
-7.264300564477103 11.819703783422463
-7.581242125230527 9.718356479026511
-7.018010886165795 -0.7142938728819921
-5.964659304573882 2.0230099948611677
